1.000000e+12
1.313972e+12
1.726523e+12
2.268603e+12
2.980881e+12
3.916794e+12
5.146558e+12
6.762433e+12
8.885649e+12
1.167549e+13
1.534127e+13
2.015801e+13
2.648706e+13
3.480325e+13
4.573051e+13
6.008861e+13
7.895475e+13
1.037443e+14
1.363172e+14
1.791170e+14
2.353547e+14
3.092495e+14
4.063452e+14
5.339263e+14
7.015642e+14
9.218358e+14
1.211267e+15
1.591570e+15
2.091279e+15
2.747882e+15
3.610641e+15
4.744281e+15
6.233853e+15
8.191109e+15
1.076289e+16
1.414214e+16
1.858237e+16
2.441672e+16
3.208289e+16
4.215602e+16
5.539183e+16
7.278332e+16
9.563525e+16
1.256620e+17
1.651164e+17
2.169584e+17
2.850773e+17
3.745836e+17
4.921923e+17
6.467270e+17
8.497812e+17
1.116589e+18
1.467167e+18
1.927816e+18
2.533096e+18
3.328418e+18
4.373448e+18
5.746589e+18
7.550858e+18
9.921616e+18
1.303673e+19
1.712990e+19
2.250820e+19
2.957515e+19
3.886093e+19
5.106217e+19
6.709427e+19
8.816000e+19
1.158398e+20
1.522102e+20
