0.00
0.07
0.14
0.21
0.28
0.35
0.42
0.49
0.57
0.64
0.71
0.78
0.85
0.92
0.99
1.06
1.13
1.20
1.27
1.34
1.41
1.48
1.56
1.63
1.70
1.77
1.84
1.91
1.98
2.05
2.12
2.19
2.26
2.33
2.40
2.47
2.55
2.62
2.69
2.76
2.83
2.90
2.97
3.04
3.11
3.18
3.25
3.32
3.39
3.46
3.54
3.61
3.68
3.75
3.82
3.89
3.96
4.03
4.10
4.17
4.24
4.31
4.38
4.45
4.53
4.60
4.67
4.74
4.81
4.88
4.95
5.02
5.09
5.16
5.23
5.30
5.37
5.44
5.52
5.59
5.66
5.73
5.80
5.87
5.94
6.01
6.08
6.15
6.22
6.29
6.36
6.43
6.51
6.58
6.65
6.72
6.79
6.86
6.93
7.00
