12.00
12.08
12.16
12.24
12.32
12.40
12.48
12.57
12.65
12.73
12.81
12.89
12.97
13.05
13.13
13.21
13.29
13.37
13.45
13.54
13.62
13.70
13.78
13.86
13.94
14.02
14.10
14.18
14.26
14.34
14.42
14.51
14.59
14.67
14.75
14.83
14.91
14.99
15.07
15.15
15.23
15.31
15.39
15.47
15.56
15.64
15.72
15.80
15.88
15.96
16.04
16.12
16.20
16.28
16.36
16.44
16.53
16.61
16.69
16.77
16.85
16.93
17.01
17.09
17.17
17.25
17.33
17.41
17.49
17.58
17.66
17.74
17.82
17.90
17.98
18.06
18.14
18.22
18.30
18.38
18.46
18.55
18.63
18.71
18.79
18.87
18.95
19.03
19.11
19.19
19.27
19.35
19.43
19.52
19.60
19.68
19.76
19.84
19.92
20.00
