3.000000e+06
3.597655e+06
4.314374e+06
5.173877e+06
6.204608e+06
7.440679e+06
8.922999e+06
1.070062e+07
1.283239e+07
1.538883e+07
1.845457e+07
2.213106e+07
2.653997e+07
3.182722e+07
3.816779e+07
4.577151e+07
5.489004e+07
6.582514e+07
7.893872e+07
9.466476e+07
1.135237e+08
1.361397e+08
1.632613e+08
1.957859e+08
2.347900e+08
2.815645e+08
3.376574e+08
4.049249e+08
4.855934e+08
5.823325e+08
6.983438e+08
8.374667e+08
1.004305e+09
1.204382e+09
1.444316e+09
1.732051e+09
2.077107e+09
2.490905e+09
2.987139e+09
3.582232e+09
4.295878e+09
5.151696e+09
6.178009e+09
7.408781e+09
8.884746e+09
1.065475e+10
1.277737e+10
1.532286e+10
1.837546e+10
2.203618e+10
2.642620e+10
3.169078e+10
3.800416e+10
4.557529e+10
5.465473e+10
6.554295e+10
7.860031e+10
9.425893e+10
1.130370e+11
1.355561e+11
1.625614e+11
1.949466e+11
2.337835e+11
2.803575e+11
3.362098e+11
4.031890e+11
4.835116e+11
5.798360e+11
6.953500e+11
8.338765e+11
