6.00
6.04
6.08
6.12
6.16
6.20
6.24
6.28
6.32
6.36
6.40
6.44
6.48
6.53
6.57
6.61
6.65
6.69
6.73
6.77
6.81
6.85
6.89
6.93
6.97
7.01
7.05
7.09
7.13
7.17
7.21
7.25
7.29
7.33
7.37
7.41
7.45
7.49
7.54
7.58
7.62
7.66
7.70
7.74
7.78
7.82
7.86
7.90
7.94
7.98
8.02
8.06
8.10
8.14
8.18
8.22
8.26
8.30
8.34
8.38
8.42
8.46
8.51
8.55
8.59
8.63
8.67
8.71
8.75
8.79
8.83
8.87
8.91
8.95
8.99
9.03
9.07
9.11
9.15
9.19
9.23
9.27
9.31
9.35
9.39
9.43
9.47
9.52
9.56
9.60
9.64
9.68
9.72
9.76
9.80
9.84
9.88
9.92
9.96
10.00
