1.000000e+06
1.140625e+06
1.301025e+06
1.483982e+06
1.692667e+06
1.930698e+06
2.202202e+06
2.511886e+06
2.865120e+06
3.268028e+06
3.727594e+06
4.251786e+06
4.849693e+06
5.531681e+06
6.309573e+06
7.196857e+06
8.208914e+06
9.363292e+06
1.068000e+07
1.218188e+07
1.389495e+07
1.584893e+07
1.807769e+07
2.061986e+07
2.351953e+07
2.682696e+07
3.059950e+07
3.490255e+07
3.981072e+07
4.540910e+07
5.179475e+07
5.907838e+07
6.738627e+07
7.686246e+07
8.767124e+07
1.000000e+08
1.140625e+08
1.301025e+08
1.483982e+08
1.692667e+08
1.930698e+08
2.202202e+08
2.511886e+08
2.865120e+08
3.268028e+08
3.727594e+08
4.251786e+08
4.849693e+08
5.531681e+08
6.309573e+08
7.196857e+08
8.208914e+08
9.363292e+08
1.068000e+09
1.218188e+09
1.389495e+09
1.584893e+09
1.807769e+09
2.061986e+09
2.351953e+09
2.682696e+09
3.059950e+09
3.490255e+09
3.981072e+09
4.540910e+09
5.179475e+09
5.907838e+09
6.738627e+09
7.686246e+09
8.767124e+09
